{"info":{"bounding_box":{"min":[-0.9445949792861938,-0.348001092672348,-0.005413608159869909],"max":[0.9454475045204163,0.13627679646015167,2.104970932006836]}},"materials":[{"name":"cz_f_mat03-material","diffuse":"cz_f03.jpg","specular":null,"normal":null}],"chunks":[{"name":"father","material":0,"vertex_count":616,"triangle_count":1208,"indices":{"type":"uint32","byte_offset":0,"stride":3,"count":1208},"position":{"type":"float","byte_offset":14496,"stride":3,"count":616},"normal":{"type":"float","byte_offset":21888,"stride":3,"count":616},"texcoord":{"type":"float","byte_offset":29280,"stride":2,"count":616},"boneweight":{"type":"float","byte_offset":34208,"stride":4,"count":616},"boneindex":{"type":"uint8","byte_offset":44064,"stride":4,"count":616},"bounding_box":{"min":[-0.9445949792861938,-0.348001092672348,-0.005413608159869909],"max":[0.9454475045204163,0.13627679646015167,2.104970932006836]}}],"bones":[{"name":"Bip01","parent":-1,"skinned":false,"inv_bind_mat":[1,0,0,0,0,1,0,0,0,0,1,0,0,0,0,1],"pos":[0,0,0.966459],"rot":[0,0,0.707105,-0.707108],"scl":[1,1,1]},{"name":"Bip01_Pelvis","parent":0,"skinned":true,"inv_bind_mat":[0,0.000005,1,0,0,-1,0.000005,0,1,0,0,0,-0.966459,0,0,1],"pos":[0,0,0],"rot":[0.5,0.5,0.5,-0.5],"scl":[1,1,1]},{"name":"Bip01_Spine","parent":1,"skinned":true,"inv_bind_mat":[0.000001,0.000001,1,0,-0.000796,-1,0.000001,0,1,-0.000796,-0.000001,0,-1.040826,0.00103,0.000001,1],"pos":[0.074368,-0.000201,0],"rot":[0.000002,0.000001,-0.000398,-1],"scl":[1,1,1]},{"name":"Bip01_L_Thigh","parent":1,"skinned":true,"inv_bind_mat":[0.07231,-0.254617,-0.964335,0,-0.098144,-0.96399,0.247167,0,-0.992542,0.076771,-0.094695,0,0.95223,-0.049476,0.185144,1],"pos":[0,0,0.097087],"rot":[0.044168,0.990059,-0.126708,-0.04217],"scl":[1,1,1]},{"name":"Bip01_R_Thigh","parent":1,"skinned":true,"inv_bind_mat":[-0.072312,0.254624,-0.964333,0,-0.098145,-0.963988,-0.247174,0,-0.992542,0.07677,0.094698,0,0.95223,-0.049475,-0.185146,1],"pos":[0,0,-0.097087],"rot":[0.044167,0.990059,0.126706,0.042172],"scl":[1,1,1]},{"name":"Bip01_Spine1","parent":2,"skinned":true,"inv_bind_mat":[0.000001,0.000001,1,0,-0.000796,-1,0.000001,0,1,-0.000796,-0.000001,0,-1.293253,0.001231,0.000001,1],"pos":[0.252427,-0.000201,0],"rot":[0,0,0,-1],"scl":[1,1,1]},{"name":"Bip01_L_Calf","parent":3,"skinned":true,"inv_bind_mat":[0.138025,-0.225849,-0.964335,0,0.164315,-0.954939,0.247167,0,-0.976704,-0.19257,-0.094695,0,0.544595,0.10045,0.185144,1],"pos":[0.400663,0,0],"rot":[0,0,0.135512,-0.990776],"scl":[1,1,1]},{"name":"Bip01_R_Calf","parent":4,"skinned":true,"inv_bind_mat":[-0.138029,0.225855,-0.964333,0,0.164314,-0.954938,-0.247174,0,-0.976703,-0.19257,0.094698,0,0.544595,0.100451,-0.185146,1],"pos":[0.400663,0,0],"rot":[0,0,0.135512,-0.990776],"scl":[1,1,1]},{"name":"Bip01_Neck","parent":5,"skinned":true,"inv_bind_mat":[0.000003,-0.000001,1,0,-0.500689,-0.865627,0.000001,0,0.865627,-0.500689,-0.000003,0,-1.404664,0.812601,0.000004,1],"pos":[0.329522,-0.00017,0],"rot":[0,0.000001,-0.258819,-0.965926],"scl":[1,1,1]},{"name":"Bip01_L_Foot","parent":6,"skinned":true,"inv_bind_mat":[-0.000001,0.258823,-0.965925,0,0,-0.965925,-0.258823,0,-1,-0.000001,0.000001,0,0.125537,-0.014793,0.19139,1],"pos":[0.453819,0,0],"rot":[0.247617,0.070248,-0.081936,-0.962828],"scl":[1,1,1]},{"name":"Bip01_R_Foot","parent":7,"skinned":true,"inv_bind_mat":[-0.000001,-0.258816,-0.965927,0,0,-0.965927,0.258816,0,-1,0,0.000001,0,0.125537,-0.014794,-0.191393,1],"pos":[0.453819,0,0],"rot":[-0.247617,-0.070248,-0.081936,-0.962828],"scl":[1,1,1]},{"name":"Bip01_Head","parent":8,"skinned":true,"inv_bind_mat":[0.000002,0,1,0,0.000001,-1,0,0,1,0.000001,-0.000002,0,-1.759052,-0.078718,0.000001,1],"pos":[0.157431,0,0],"rot":[0,-0.000001,0.259204,-0.965823],"scl":[1,1,1]},{"name":"Bip01_L_Clavicle","parent":8,"skinned":true,"inv_bind_mat":[0.906308,-0.000003,0.42262,0,0.000003,1,0.000002,0,-0.422619,0,0.906307,0,0.61122,0,-1.497849,1],"pos":[-0.005963,0.003574,0.079066],"rot":[0.518937,-0.139271,0.814566,0.218609],"scl":[1,1,1]},{"name":"Bip01_R_Clavicle","parent":8,"skinned":true,"inv_bind_mat":[-0.906309,-0.000003,0.422617,0,-0.000003,1,0.000001,0,-0.422617,0,-0.906308,0,0.611218,0,1.497849,1],"pos":[-0.005963,0.003575,-0.079066],"rot":[-0.518936,0.139269,0.814567,0.218611],"scl":[1,1,1]},{"name":"Bip01_L_Toe0","parent":9,"skinned":true,"inv_bind_mat":[0.258823,0.000001,-0.965925,0,-0.965925,0,-0.258823,0,0,1,0.000001,0,-0.244762,-0.000924,0.19139,1],"pos":[0.124613,0.229969,0],"rot":[0,0,-0.707107,-0.707107],"scl":[1,1,1]},{"name":"Bip01_R_Toe0","parent":10,"skinned":true,"inv_bind_mat":[-0.258816,0.000002,-0.965927,0,-0.965927,0,0.258816,0,0,1,0.000001,0,-0.244763,-0.000924,-0.191393,1],"pos":[0.124613,0.229969,0],"rot":[0,0,-0.707107,-0.707107],"scl":[1,1,1]},{"name":"Bip01_Ponytail2","parent":11,"skinned":true,"inv_bind_mat":[0.000003,-0.000004,1,0,-0.999063,0.043283,0.000003,0,-0.043283,-0.999062,-0.000004,0,-0.109511,1.712559,-0.003524,1],"pos":[-0.052839,0.104817,0.003531],"rot":[0,0.000002,-0.722248,-0.691634],"scl":[1,1,1]},{"name":"Bip01_Ponytail1","parent":11,"skinned":true,"inv_bind_mat":[0.000003,-0.000004,1,0,-0.999063,0.043283,0.000003,0,-0.043283,-0.999062,-0.000004,0,-0.166633,1.891019,0.004253,1],"pos":[0.122982,0.16961,-0.004246],"rot":[0,0.000002,-0.722248,-0.691634],"scl":[1,1,1]},{"name":"Bip01_L_UpperArm","parent":12,"skinned":true,"inv_bind_mat":[0.949814,-0.026934,0.311655,0,0.092975,0.97557,-0.199044,0,-0.29868,0.218031,0.929114,0,0.282937,-0.335461,-1.512017,1],"pos":[0.126214,0,0],"rot":[-0.097092,0.060715,-0.052803,-0.992018],"scl":[1,1,1]},{"name":"Bip01_R_UpperArm","parent":13,"skinned":true,"inv_bind_mat":[-0.949816,0.026928,0.311651,0,0.092969,0.97557,0.199047,0,-0.298677,0.218032,-0.929115,0,0.282934,-0.335461,1.512017,1],"pos":[0.126214,0,0],"rot":[0.097092,-0.060715,-0.052803,-0.992017],"scl":[1,1,1]},{"name":"Bip01_L_Forearm","parent":18,"skinned":true,"inv_bind_mat":[0.821038,0.478298,0.311655,0,-0.43579,0.877764,-0.199044,0,-0.368762,0.027607,0.929114,0,0.151209,-0.300985,-1.512017,1],"pos":[0.313308,0,0],"rot":[0,0,0.274357,-0.961628],"scl":[1,1,1]},{"name":"Bip01_L_ForeTwist","parent":18,"skinned":true,"inv_bind_mat":[0.821038,0.466922,0.328453,0,-0.43579,0.884282,-0.16773,0,-0.368762,-0.005424,0.929508,0,0.151209,-0.24707,-1.521756,1],"pos":[0.313308,0,0],"rot":[0.017087,-0.004875,0.274314,-0.961476],"scl":[1,1,1]},{"name":"Bip01_R_Forearm","parent":19,"skinned":true,"inv_bind_mat":[-0.821036,-0.478304,0.311651,0,-0.435795,0.877761,0.199047,0,-0.36876,0.027609,-0.929115,0,0.151207,-0.300987,1.512018,1],"pos":[0.313308,0,0],"rot":[0,0,0.274357,-0.961628],"scl":[1,1,1]},{"name":"Bip01_R_ForeTwist","parent":19,"skinned":true,"inv_bind_mat":[-0.821036,-0.466928,0.328449,0,-0.435795,0.884278,0.167733,0,-0.368759,-0.005422,-0.929509,0,0.151207,-0.247072,1.521757,1],"pos":[0.313308,0,0],"rot":[-0.017087,0.004875,0.274314,-0.961476],"scl":[1,1,1]},{"name":"Bip01_L_Hand","parent":20,"skinned":true,"inv_bind_mat":[0.771768,-0.578407,0.264236,0,-0.207778,0.16335,0.96444,0,-0.601002,-0.799226,0.005888,0,0.275103,1.515647,-0.115475,1],"pos":[0.248245,0,0],"rot":[0.742513,-0.027337,-0.162298,-0.649297],"scl":[1,1,1]},{"name":"Bip01_R_Hand","parent":22,"skinned":true,"inv_bind_mat":[-0.771768,0.578404,0.264242,0,-0.207783,0.163355,-0.964439,0,-0.600999,-0.799227,-0.00589,0,0.275101,1.515648,0.115477,1],"pos":[0.248245,0,0],"rot":[-0.742513,0.027337,-0.162298,-0.649297],"scl":[1,1,1]},{"name":"Bip01_L_Finger0","parent":24,"skinned":true,"inv_bind_mat":[0.263456,0.078014,0.961512,0,-0.586384,0.804396,0.095404,0,-0.765993,-0.588949,0.257669,0,0.680207,0.834798,-1.0256,1],"pos":[0.116466,0.03746,-0.080531],"rot":[-0.469296,-0.325521,-0.035667,-0.820076],"scl":[1,1,1]},{"name":"Bip01_L_Finger1","parent":24,"skinned":true,"inv_bind_mat":[0.690891,-0.71837,0.081333,0,-0.093322,0.022942,0.995372,0,-0.71691,-0.695283,-0.051189,0,0.321754,1.484247,0.113208,1],"pos":[0.181241,0,0],"rot":[0.082689,0.050789,-0.075429,-0.992418],"scl":[1,1,1]},{"name":"Bip01_R_Finger0","parent":25,"skinned":true,"inv_bind_mat":[-0.263454,-0.078021,0.961512,0,-0.586385,0.804396,-0.095397,0,-0.765993,-0.588948,-0.257671,0,0.680207,0.834797,1.025602,1],"pos":[0.116466,0.03746,0.080532],"rot":[0.469296,0.325521,-0.035667,-0.820076],"scl":[1,1,1]},{"name":"Bip01_R_Finger1","parent":25,"skinned":true,"inv_bind_mat":[-0.690893,0.718368,0.081339,0,-0.093326,0.022947,-0.995371,0,-0.716908,-0.695285,0.051188,0,0.321752,1.484249,-0.113208,1],"pos":[0.181241,0,0],"rot":[-0.082689,-0.050789,-0.075429,-0.992418],"scl":[1,1,1]},{"name":"Bip01_L_Finger01","parent":26,"skinned":true,"inv_bind_mat":[0.27425,-0.016798,0.961512,0,-0.275901,0.95644,0.095404,0,-0.921231,-0.291446,0.257669,0,0.853631,0.577677,-1.0256,1],"pos":[0.075634,0,0],"rot":[0,0,-0.173648,-0.984808],"scl":[1,1,1]},{"name":"Bip01_L_Finger11","parent":27,"skinned":true,"inv_bind_mat":[0.239144,-0.967572,0.081333,0,-0.069348,0.066529,0.995372,0,-0.968504,-0.243678,-0.051189,0,0.935593,1.173695,0.113208,1],"pos":[0.098354,0,0],"rot":[0,0,-0.258819,-0.965926],"scl":[1,1,1]},{"name":"Bip01_R_Finger01","parent":28,"skinned":true,"inv_bind_mat":[-0.27425,0.016791,0.961512,0,-0.275902,0.95644,-0.095397,0,-0.92123,-0.291445,-0.257671,0,0.85363,0.577676,1.025602,1],"pos":[0.075634,0,0],"rot":[0,0,-0.173648,-0.984808],"scl":[1,1,1]},{"name":"Bip01_R_Finger11","parent":29,"skinned":true,"inv_bind_mat":[-0.239147,0.96757,0.081339,0,-0.069349,0.066536,-0.995371,0,-0.968503,-0.24368,0.051188,0,0.935592,1.173698,-0.113208,1],"pos":[0.098354,0,0],"rot":[0,0,-0.258819,-0.965926],"scl":[1,1,1]}],"animations":[{"name":null,"frames":787,"fps":10,"tracks":[{"bone":0,"pos":{"type":"float","byte_offset":46528,"stride":3,"count":787},"rot":{"type":"float","byte_offset":55972,"stride":4,"count":787},"scl":null},{"bone":1,"pos":null,"rot":{"type":"float","byte_offset":68564,"stride":4,"count":787},"scl":null},{"bone":2,"pos":{"type":"float","byte_offset":81156,"stride":3,"count":787},"rot":{"type":"float","byte_offset":90600,"stride":4,"count":787},"scl":null},{"bone":3,"pos":null,"rot":{"type":"float","byte_offset":103192,"stride":4,"count":787},"scl":null},{"bone":4,"pos":null,"rot":{"type":"float","byte_offset":115784,"stride":4,"count":787},"scl":null},{"bone":5,"pos":{"type":"float","byte_offset":128376,"stride":3,"count":787},"rot":{"type":"float","byte_offset":137820,"stride":4,"count":787},"scl":null},{"bone":6,"pos":null,"rot":{"type":"float","byte_offset":150412,"stride":4,"count":787},"scl":null},{"bone":7,"pos":null,"rot":{"type":"float","byte_offset":163004,"stride":4,"count":787},"scl":null},{"bone":8,"pos":{"type":"float","byte_offset":175596,"stride":3,"count":787},"rot":{"type":"float","byte_offset":185040,"stride":4,"count":787},"scl":null},{"bone":9,"pos":null,"rot":{"type":"float","byte_offset":197632,"stride":4,"count":787},"scl":null},{"bone":10,"pos":null,"rot":{"type":"float","byte_offset":210224,"stride":4,"count":787},"scl":null},{"bone":11,"pos":null,"rot":{"type":"float","byte_offset":222816,"stride":4,"count":787},"scl":null},{"bone":12,"pos":{"type":"float","byte_offset":235408,"stride":3,"count":787},"rot":{"type":"float","byte_offset":244852,"stride":4,"count":787},"scl":null},{"bone":13,"pos":{"type":"float","byte_offset":257444,"stride":3,"count":787},"rot":{"type":"float","byte_offset":266888,"stride":4,"count":787},"scl":null},{"bone":14,"pos":null,"rot":{"type":"float","byte_offset":279480,"stride":4,"count":787},"scl":null},{"bone":15,"pos":null,"rot":{"type":"float","byte_offset":292072,"stride":4,"count":787},"scl":null},{"bone":16,"pos":{"type":"float","byte_offset":304664,"stride":3,"count":787},"rot":{"type":"float","byte_offset":314108,"stride":4,"count":787},"scl":null},{"bone":17,"pos":{"type":"float","byte_offset":326700,"stride":3,"count":787},"rot":{"type":"float","byte_offset":336144,"stride":4,"count":787},"scl":null},{"bone":18,"pos":null,"rot":{"type":"float","byte_offset":348736,"stride":4,"count":787},"scl":null},{"bone":19,"pos":null,"rot":{"type":"float","byte_offset":361328,"stride":4,"count":787},"scl":null},{"bone":20,"pos":null,"rot":{"type":"float","byte_offset":373920,"stride":4,"count":787},"scl":null},{"bone":21,"pos":null,"rot":{"type":"float","byte_offset":386512,"stride":4,"count":787},"scl":null},{"bone":22,"pos":null,"rot":{"type":"float","byte_offset":399104,"stride":4,"count":787},"scl":null},{"bone":23,"pos":null,"rot":{"type":"float","byte_offset":411696,"stride":4,"count":787},"scl":null},{"bone":24,"pos":null,"rot":{"type":"float","byte_offset":424288,"stride":4,"count":787},"scl":null},{"bone":25,"pos":null,"rot":{"type":"float","byte_offset":436880,"stride":4,"count":787},"scl":null},{"bone":26,"pos":null,"rot":{"type":"float","byte_offset":449472,"stride":4,"count":787},"scl":null},{"bone":27,"pos":null,"rot":{"type":"float","byte_offset":462064,"stride":4,"count":787},"scl":null},{"bone":28,"pos":null,"rot":{"type":"float","byte_offset":474656,"stride":4,"count":787},"scl":null},{"bone":29,"pos":null,"rot":{"type":"float","byte_offset":487248,"stride":4,"count":787},"scl":null},{"bone":30,"pos":null,"rot":{"type":"float","byte_offset":499840,"stride":4,"count":787},"scl":null},{"bone":31,"pos":null,"rot":{"type":"float","byte_offset":512432,"stride":4,"count":787},"scl":null},{"bone":32,"pos":null,"rot":{"type":"float","byte_offset":525024,"stride":4,"count":787},"scl":null},{"bone":33,"pos":null,"rot":{"type":"float","byte_offset":537616,"stride":4,"count":787},"scl":null}]}]}